5026
10757
20130
30663
27309
7449
27522
22615
21954
25932
27446
13326
14670
27476
24542
30144
20308
11864
16989
28884
10963
12743
155
28157
539
16430
5119
24965
31078
11017
1113
30599
17657
28752
7016
22613
15064
25815
1001
24585
10555
32438
25215
9179
7325
14832
24812
10935
27966
5167
22855
700
15587
1765
24903
9118
30059
26345
22476
7676
9533
20030
25015
21684
10459
22095
568
14596
19372
2540
2191
4568
32618
4427
24114
11851
24910
19053
16158
2459
21079
29784
25139
5502
1575
4725
30587
26021
27934
573
885
32384
8882
3478
2506
25488
1212
21531
22204
29012
21601
19023
4892
13985
16271
801
4849
10921
23386
5889
20651
8701
29754
5143
12057
11895
6068
16902
8050
8536
17518
16777
10407
2175
28527
27851
13815
9090
21668
30645
11301
27471
10689
26842
30310
23263
882
14347
3575
21934
21324
14976
11348
30488
28238
18029
8446
9338
22555
28439
20420
1989
13791
31316
22027
185
30002
20449
15945
17305
5787
10398
15946
29592
9292
4060
28609
10295
27431
2573
31475
2762
29769
1526
23539
15237
9597
14646
6039
29594
3954
8985
21717
2413
2886
24056
26399
25413
25321
28312
23496
23617
16886
8039
12692
3477
19256
21774
13675
14829
31799
8411
5190
10898
30710
20943
6219
7832
12797
29167
12879
1515
9745
13809
32756
1872
11764
5434
17240
19381
31764
7707
7327
13952
5432
9813
13463
14287
2711
17988
16862
25198
15554
30362
4883
1151
12522
21429
6978
10672
31322
18474
15827
28847
11023
26254
2128
16204
10225
24730
15377
11877
6320
29021
20336
23763
9765
28865
7526
15673
9263
2616
4002
27896
8281
14566
8610
18308
15160
26072
30398
21302
2602
24925
21983
13037
1564
15230
32308
12803
23
2849
12502
25963
24901
10756
30797
4611
17116
7130
16127
211
13501
29784
24662
16633
20387
1801
32322
17368
11452
10784
17553
15057
31366
32495
15760
15522
19606
13589
11133
18571
16584
8322
20492
969
846
10929
32059
14282
17247
10122
3386
6789
14738
17559
19323
712
11886
14281
28225
6578
3183
32726
28883
21909
14545
9210
30920
8320
19902
32397
4146
18984
16830
22665
7748
6706
1076
105
29869
11311
23791
1395
30925
6163
14402
32114
21216
11283
16455
6185
13351
7215
24460
25135
9948
18451
5112
11278
27632
26335
18563
11195
15425
361
15065
13825
11590
21270
20134
10625
2023
28900
17098
23814
16722
1819
15969
26247
25050
17580
10323
8131
15556
32693
17769
30642
22867
23292
6100
29455
1962
24549
15972
11737
5914
18004
20924
9225
22585
7529
28202
4735
28504
6609
28332
30113
22933
24359
9384
19510
28702
25079
19829
18629
9480
12648
12772
29361
32526
2078
7709
5693
12331
5344
11232
13730
17011
12885
2730
14970
11663
12907
4548
30309
28156
30200
6035
16677
4352
17658
2739
5981
27705
7258
30880
27965
32754
31997
519
14738
16117
22598
24307
14933
20319
7076
18834
15831
31341
7665
15382
23815
3309
15580
17439
1434
25343
27008
28388
17237
10914
4586
6916
10733
10303
30709
1398
14152
1514
24467
20756
2475
22346
21613
28958
6050
19556
19610
20804
23476
5680
15015
19606
17349
18094
32282
28127
2913
11406
21515
15660
7162
30826
89
25677
375
21757
24416
19215
27769
1740
18646
29925
30377
30773
4771
15521
30884
2432
20846
17049
24336
11468
15556
28893
22229
29054
11058
7584
2846
29028
8
9621
2539
12825
16630
31682
13702
6355
21338
15745
26356
15015
17540
23904
20975
21006
11559
30629
10146
1427
12673
13039
2113
2130
22800
15203
30264
31152
5296
24383
18808
6921
3148
582
25764
25393
21152
17846
16299
31255
3385
22470
7159
10121
6227
8961
10849
29494
25695
11813
14555
20932
22544
9128
30760
6087
18003
7916
22443
12691
16222
29700
17517
25131
6004
31160
9677
15548
30965
23725
3209
9043
14765
6802
30357
19010
23895
8821
20575
11756
8426
8725
13219
20553
31380
17432
5515
5064
22675
13477
29850
18386
22314
11085
22672
31313
4765
15807
22077
22861
23631
24611
21818
23249
21774
3410
7725
18331
16794
26858
29700
28411
20438
1734
28415
25570
3457
12068
9072
15684
27270
13789
25114
10533
31997
29498
27768
21876
22127
18779
3761
16019
10187
9538
15102
10805
11062
4111
29139
4976
20494
20608
9678
13885
5352
3066
25311
20126
337
8162
14022
14458
21509
5995
8566
1196
18543
29943
12789
23728
18525
26936
29978
11646
19229
3730
10240
10827
20585
21909
19519
23578
13764
22627
22723
4588
21330
16983
27067
30467
860
10618
8770
19609
29716
30796
349
11937
1873
23821
13597
10169
898
689
19705
860
8206
9381
29031
24937
26107
30096
31350
437
20433
18447
28076
14282
20411
15900
8946
31124
26132
16129
3940
6958
28848
17896
9077
26174
6865
20269
19596
5537
14001
9066
9592
2855
12592
25033
3221
5430
6981
32532
2726
18503
15234
22778
8866
28475
12976
24729
6364
19610
6535
2799
1599
20432
31523
28157
1206
20682
15914
23293
22151
27822
13009
21657
12741
447
23036
22678
26234
23261
2761
16400
32167
423
1101
4482
3427
24526
22460
13075
24036
22920
29431
28331
16057
27873
16530
24752
18270
8493
7697
31833
25684
1145
14799
29741
28420
9424
21529
30276
6258
4374
31089
8606
10290
7902
12740
30867
6930
20124
30845
5252
2457
23362
20233
22797
1663
13378
26504
19621
3559
27880
8810
32261
13300
30392
13620
30525
23814
16261
18042
29785
4852
27819
27784
23882
21278
3270
13758
181
802
20386
18028
2036
16317
10921
29748
3476
5762
17718
23989
21579
11688
9213
26602
16639
13048
29590
15106
3531
15955
26522
13179
26580
14098
11992
26815
626
16367
8062
11210
26687
6753
26991
10058
5627
17289
24706
1957
28238
19450
3560
3082
2251
30512
29552
21492
23300
4167
22049
13406
7656
5216
25860
27076
20633
3237
14160
27685
32107
9091
5661
27867
14481
27362
12928
10968
20316
8888
26283
5290
21442
5414
1733
32324
14366
17890
5637
22300
5061
29265
10458
8914
12112
19618
11480
14412
7260
6136
12634
11066
10653
16561
10384
14927
19345
10073
21052
27658
3391
24697
18271
20237
28716
5295
6815
18934
15356
8808
26154
32348
32227
593
11283
11815
4719
15884
13261
28051
30132
2566
6059
31682
